13.736308
9.249150
9.836916
9.118536
10.329442
6.157937
12.043760
9.352553
8.767509
9.904945
6.372907
7.741639
11.371638
9.298131
9.347111
10.694075
10.133520
6.378349
7.572929
8.302194
10.911766
9.118536
6.492637
6.963394
7.537554
5.556565
5.621872
4.231371
8.424645
8.590635
9.668206
7.768851
7.815110
8.269540
6.245013
7.757966
7.858648
5.975620
11.175716
9.330784
9.328063
8.650500
10.171616
10.027396
8.900844
8.615125
10.715844
8.933498
7.031422
6.879038
7.034143
6.653184
6.854548
10.563460
8.884518
5.657247
5.763372
6.261340
6.400118
4.283072
5.224586
4.816415
8.598798
9.646436
8.117157
8.166137
8.615125
6.206917
6.179706
7.485852
6.631415
6.397397
7.600140
7.632794
8.255935
8.021917
7.779735
8.827374
7.436872
7.442314
9.300852
8.783835
10.704959
9.115814
9.077718
9.594735
9.537591
8.898123
7.910350
6.046370
7.836879
7.831437
5.929361
6.245013
10.402913
9.047786
8.797441
9.145747
8.351174
9.722628
9.088603
8.517164
9.679090
8.193348
11.036938
8.103551
8.223281
9.099488
6.108956
6.258619
6.193312
7.172921
5.962015
6.353859
6.786520
5.581055
7.589256
8.253213
7.434151
8.623288
9.660042
7.341632
7.861369
7.997426
8.636894
8.808326
6.236850
7.711707
7.804226
6.245013
6.122562
10.966189
9.328063
9.322621
9.289967
9.336227
9.213775
7.967494
7.466804
7.725313
8.762066
7.757966
8.174300
6.337532
6.144331
6.032764
6.917134
10.092703
9.793378
8.840979
9.238266
9.224660
8.470905
9.300852
7.240950
7.401497
6.778356
10.672306
8.990642
9.352553
9.540312
8.680432
9.436909
7.284488
7.123941
7.521227
7.387891
7.311699
6.906250
6.590598
7.398776
7.377007
7.257277
7.341632
6.974278
7.069518
5.627315
6.985163
6.971557
6.745703
6.329368
6.672232
16.928203
6.081745
6.476310
6.413724
6.590598
6.955230
6.612367
6.430051
6.612367
6.674953
6.547060
6.098072
6.125283
6.457262
6.664068
6.721212
6.952509
6.843664
6.892644
6.623251
6.715770
6.255898
6.098072
6.087187
5.888544
6.432772
6.315763
6.128004
6.718491
6.914413
6.811010
6.239571
5.393297
5.757929
6.024601
8.745740
9.779772
8.228723
8.201512
8.566144
6.234129
6.163379
9.151189
9.104930
10.285904
8.868191
8.830095
5.665411
6.372907
8.261377
7.913071
6.190590
6.449099
7.461362
7.597419
6.623251
6.726655
5.779698
6.212359
6.021880
6.892644
5.956572
6.049091
6.759308
6.585155
7.529391
8.552539
9.543033
8.617846
8.745740
7.042307
6.215081
7.706265
7.790620
6.073581
5.485815
6.389233
6.381070
7.589256
7.572929
8.231444
7.755245
8.802883
7.322584
6.386512
7.450478
7.613746
3.640883
9.306294
8.985200
10.615162
9.121257
9.069555
9.208333
9.140305
4.304841
5.355201
4.854511
5.368807
5.714391
6.280388
7.564765
7.300815
6.451820
7.581092
7.336190
7.915792
10.443730
8.971594
8.729413
9.929435
8.721249
8.582471
8.895402
8.370222
9.053228
8.764788
9.374323
8.860027
9.436909
8.334848
7.899465
6.070860
7.760687
7.785178
5.635478
6.024601
10.174337
9.091324
9.028738
8.255935
8.751182
10.658700
8.411039
9.243708
8.506279
5.175606
5.298057
5.379691
4.057218
4.013679
3.132031
8.060013
8.149810
8.990642
7.532112
7.504900
7.474968
7.676332
8.163416
6.021880
6.138889
6.030043
6.367464
5.404181
6.596040
6.459983
5.404181
6.049091
5.088529
5.679016
5.774256
5.771535
6.391955
6.481752
6.748424
5.681737
5.774256
4.274909
4.644984
4.843627
4.955193
4.253140
6.411003
6.411003
7.619188
7.812389
7.366122
8.304915
8.593356
7.118499
7.447756
6.389233
7.513064
8.615125
8.832816
8.590635
9.597456
8.108993
8.114435
8.557981
7.377007
7.981100
8.277704
7.711707
7.619188
7.148431
7.654563
7.725313
6.269503
6.176985
6.435493
7.442314
6.174264
5.948409
9.094045
10.541691
9.273640
9.091324
9.094045
8.647779
9.074997
8.424645
8.087224
8.772951
7.850485
8.079061
7.834158
8.266819
8.196070
7.548439
8.065455
6.370186
6.119841
6.035485
5.997390
9.178401
8.669548
9.309015
9.485889
9.428745
8.821931
9.110372
8.326684
6.016437
7.687217
7.888581
7.687217
5.937524
6.128004
7.643678
7.311699
6.783799
6.057255
7.289930
7.728034
7.118499
9.967531
8.909008
8.838258
8.351174
8.345732
6.190590
6.108956
5.855890
6.307599
6.742982
5.877659
5.273567
5.893986
7.798783
7.910350
8.449135
6.057255
7.474968
7.605582
5.948409
7.542996
8.397434
8.577029
9.077718
7.096730
6.805568
7.396055
7.205575
7.404218
7.265440
7.189248
7.379728
6.759308
7.164758
10.536249
8.832816
8.762066
9.268198
9.357996
9.083161
8.544375
9.284525
8.612404
7.972936
7.722591
8.321242
9.197449
8.585192
8.430087
9.243708
9.004248
8.228723
5.170163
5.415066
5.749766
8.179743
8.201512
9.208333
4.974241
5.015058
5.349759
7.711707
7.695380
6.114398
6.193312
7.488573
7.542996
7.532112
7.611025
5.891265
5.967457
5.994668
6.149773
6.234129
7.894023
7.888581
5.970178
6.084466
6.889923
6.293994
6.715770
5.991947
6.321205
5.586498
5.597382
8.106272
7.591977
7.638236
7.425987
8.299473
8.280425
7.719870
7.425987
8.615125
9.632831
7.363401
7.872254
7.983821
8.519885
8.367501
8.593356
8.636894
6.236850
7.706265
7.798783
6.242292
6.217802
6.266782
7.695380
7.747082
7.736197
10.767546
9.325342
9.276362
9.276362
9.336227
8.966152
9.143026
9.219218
8.285867
7.455920
7.910350
9.162074
7.265440
7.572929
7.801504
6.065418
5.793304
6.027322
7.240950
7.619188
10.209712
8.914450
8.691317
9.023296
8.617846
9.219218
8.636894
8.484510
8.544375
8.421924
7.540275
9.183843
7.831437
8.568866
7.646400
7.616467
6.144331
6.043649
6.119841
6.108956
7.502179
7.578371
7.719870
7.341632
7.510343
9.962089
9.747119
8.781114
9.186564
9.303573
8.783835
9.284525
9.317179
9.333505
9.061392
7.910350
8.636894
7.706265
7.989263
7.646400
8.030080
7.159316
7.325305
7.793341
8.242329
6.225965
6.922577
6.040928
5.902150
5.357922
6.228686
9.159353
8.669548
9.314458
9.714465
9.083161
8.340290
9.627388
8.511722
7.964773
9.104930
8.239608
8.952546
6.364743
6.351138
6.095351
6.884481
7.575650
7.338911
7.148431
7.703543
9.972973
9.526706
8.696759
9.186564
8.117157
9.551197
9.692696
8.302194
8.451857
8.264098
9.096766
8.732134
6.541617
6.405560
10.555297
9.085882
9.115814
10.718565
8.919892
7.268161
7.292652
7.434151
10.294067
9.045065
8.990642
9.559360
9.458678
8.596077
8.348453
9.287246
8.566144
8.764788
8.084503
6.789241
7.096730
6.721212
6.740260
9.589293
8.669548
9.270919
8.732134
9.613783
8.568866
9.581129
7.630073
6.337532
6.470868
6.051812
5.929361
6.122562
6.968836
7.602861
9.347111
9.243708
8.718528
8.895402
8.525327
8.963431
8.084503
10.770267
8.816489
7.825995
8.005590
9.249150
9.616504
8.473626
8.250492
8.811047
9.178401
8.002869
7.774293
8.032801
7.937561
7.393334
7.578371
8.040965
8.963431
9.564802
9.017853
8.492674
8.536212
8.413761
7.676332
4.968799
5.061318
3.687143
4.427293
4.517090
7.012374
6.683116
6.876317
6.397397
7.077682
6.873596
6.721212
6.329368
7.279046
7.181085
7.317142
7.347074
7.064076
7.183806
6.982442
7.311699
7.074960
6.802847
7.142989
7.050470
7.390613
7.235508
7.287209
7.012374
7.243671
7.409660
6.223244
5.564728
6.566108
5.956572
6.639578
6.277667
6.421887
5.896707
6.141610
5.904871
5.817794
5.347037
6.938903
6.775635
6.402839
6.345695
6.098072
5.970178
6.413724
6.283109
5.913034
5.545681
6.587877
6.876317
6.326647
6.522569
7.270882
6.718491
7.020538
6.446377
6.215081
7.355238
6.742982
6.734818
6.468147
6.470868
6.851827
6.718491
6.059976
5.534796
6.955230
6.900808
5.651805
6.865433
6.966115
6.944346
5.311663
5.850448
7.023259
6.938903
6.791962
6.136168
6.770193
4.941588
5.638199
5.594661
6.925298
6.947067
6.800125
6.342974
6.677674
6.756587
6.685838
5.249076
4.764714
6.816452
6.832779
6.645021
6.348416
6.617809
6.704886
6.536175
6.762029
6.378349
8.674990
9.760724
6.103514
8.892681
9.491332
12.149884
6.587877
6.419166
6.092629
5.986505
6.231407
6.103514
6.484473
6.688559
6.917134
6.152494
6.468147
6.729376
6.685838
6.568829
5.836842
6.157937
6.043649
6.122562
6.021880
6.239571
6.073581
6.372907
6.424608
6.255898
6.084466
6.206917
6.225965
6.427329
6.615088
6.372907
6.228686
6.304878
5.948409
6.432772
6.454541
6.299436
6.732097
6.598761
6.032764
6.541617
6.332090
5.956572
6.517127
6.176985
6.313042
6.704886
6.617809
6.430051
6.745703
6.051812
6.359301
6.522569
6.103514
6.481752
6.579713
6.906250
6.157937
6.362022
6.470868
6.473589
6.604203
6.835500
6.378349
6.381070
6.772914
6.250455
6.906250
7.088566
6.680395
6.106235
6.304878
6.775635
6.005553
6.231407
5.703507
5.270846
5.874938
5.559286
5.548402
5.436835
5.649084
5.812352
4.827300
4.544302
4.566071
4.462667
4.938867
5.044991
4.851790
4.914376
4.661310
5.349759
5.431393
4.865396
5.017780
4.685801
5.349759
5.464046
6.549781
6.291273
6.182427
5.357922
5.711670
6.193312
5.665411
5.357922
5.774256
5.942967
5.651805
5.406902
5.118462
5.287172
5.464046
5.412345
5.118462
5.932082
5.962015
5.989226
6.576992
5.763372
5.477652
5.670853
5.804189
5.839563
5.477652
6.215081
6.089908
6.571550
6.389233
6.647742
6.481752
6.168821
5.918477
5.711670
6.748424
6.010995
6.525290
6.198754
6.008274
6.095351
5.899429
6.402839
6.549781
5.899429
5.948409
6.391955
5.858611
6.280388
5.839563
6.508964
6.489916
5.891265
6.313042
5.981063
6.835500
6.337532
6.481752
6.612367
6.182427
6.389233
6.258619
6.291273
6.517127
6.587877
6.430051
6.530733
6.723934
6.762029
6.756587
6.677674
6.239571
5.910313
6.408281
5.496700
5.357922
5.659968
5.523911
5.575613
5.477652
5.717112
5.597382
5.918477
5.823237
5.744324
5.659968
6.046370
6.070860
5.913034
5.942967
6.247734
6.364743
6.095351
6.264061
5.069481
5.153837
5.251798
5.270846
5.129346
5.162000
5.374249
5.578334
5.322547
5.485815
5.262682
5.357922
5.940246
6.307599
6.590598
6.408281
6.593319
6.791962
6.653184
6.492637
5.956572
5.956572
6.307599
6.560665
6.258619
6.664068
6.329368
6.862712
6.694001
6.704886
6.421887
6.367464
6.672232
6.571550
6.778356
6.658626
6.813731
6.876317
6.593319
6.729376
6.198754
5.994668
6.013716
5.774256
6.547060
6.196033
6.372907
5.970178
6.737539
6.889923
6.571550
6.696722
6.721212
6.906250
6.851827
6.990605
7.047749
8.397434
7.967494
8.454578
9.396092
8.353896
8.449135
6.087187
7.567487
7.594698
6.100793
9.088603
8.753903
10.226039
8.849143
8.830095
8.974315
8.982479
6.231407
6.261340
7.474968
7.382449
7.445035
10.079097
8.906287
8.898123
8.873633
6.342974
6.933461
7.295373
7.200133
5.627315
5.828679
6.073581
6.182427
6.604203
6.495358
6.900808
7.333469
6.359301
7.575650
7.581092
8.190627
7.744361
8.821931
7.540275
6.255898
7.284488
7.200133
10.296789
9.058670
8.772951
8.900844
7.877696
6.027322
7.733476
7.744361
5.994668
8.941662
8.881796
9.796099
8.759345
8.868191
7.502179
9.028738
8.691317
9.140305
7.915792
10.514480
9.194727
8.772951
8.011032
8.073618
8.898123
7.611025
7.578371
7.589256
7.793341
8.272261
6.021880
6.141610
5.872217
5.981063
5.847727
5.243634
8.509000
8.753903
7.684495
8.130762
8.046407
7.834158
8.108993
8.685874
9.662763
7.940283
8.196070
8.631452
7.469526
8.087224
8.204233
6.125283
6.076303
6.212359
6.149773
6.155216
8.903566
8.476347
10.149847
9.099488
8.827374
8.816489
8.585192
8.647779
6.209638
7.319863
8.206954
8.283146
4.998732
5.050433
5.379691
5.466767
5.327989
5.322547
7.953888
7.768851
6.291273
6.411003
7.401497
7.434151
7.640957
7.774293
7.504900
7.602861
7.864091
7.828716
8.046407
8.092666
6.247734
6.217802
5.964736
6.013716
6.291273
5.981063
6.231407
6.272225
7.053191
6.944346
7.208296
6.043649
6.212359
6.677674
6.307599
6.721212
6.117120
6.514406
5.572892
5.570171
8.582471
9.570245
7.363401
7.839600
7.953888
8.528048
8.808326
7.221902
6.242292
7.700822
7.798783
6.217802
6.258619
7.676332
7.583813
7.757966
6.408281
6.797404
6.625973
7.235508
6.650463
7.450478
5.692622
5.670853
6.378349
6.438214
6.089908
7.537554
7.801504
8.168858
7.902187
7.398776
8.119878
6.400118
7.572929
7.698101
6.378349
7.586534
7.567487
8.239608
7.755245
8.802883
7.328026
6.383791
7.447756
7.518506
6.389233
7.605582
7.608304
8.198791
8.732134
7.447756
9.311736
9.080440
8.990642
10.498153
9.113093
9.077718
9.170237
9.153910
9.061392
8.704922
5.915755
7.681774
7.978378
7.662726
5.910313
6.081745
7.268161
5.948409
7.303536
7.793341
7.167479
8.968873
8.340290
8.887239
9.733513
8.906287
8.642336
8.642336
8.408318
7.858648
8.517164
7.600140
7.842322
7.602861
7.978378
7.885860
8.351174
6.190590
6.892644
5.981063
5.869496
6.163379
9.129420
8.563423
9.249150
8.753903
9.368880
8.827374
9.409697
8.334848
9.085882
8.579750
7.230065
7.425987
7.232786
7.213738
7.420545
6.781077
7.251834
10.038280
8.620567
8.664105
9.055949
9.058670
8.909008
8.547096
7.706265
7.469526
9.045065
8.577029
8.451857
8.460020
7.937561
5.521190
5.314384
5.725276
5.785141
4.171506
4.285793
5.542959
6.049091
5.953851
5.311663
5.551123
5.972899
5.861333
5.404181
4.555186
4.903492
4.459946
4.410966
4.756550
4.351101
5.123904
5.216423
4.092592
7.845043
7.817831
7.240950
7.287209
7.338911
5.910313
5.804189
8.117157
8.215118
8.147089
9.104930
7.796062
7.420545
7.529391
7.736197
7.714428
8.024638
8.421924
6.103514
6.280388
7.355238
7.344353
6.114398
6.386512
6.095351
6.179706
7.455920
7.515785
7.689938
7.706265
7.510343
7.570208
6.013716
6.239571
5.804189
5.959294
6.108956
6.155216
5.630036
5.572892
6.391955
6.574271
5.926640
6.421887
5.700785
5.698064
6.405560
6.370186
6.351138
6.457262
7.542996
7.638236
7.553881
7.828716
6.332090
6.454541
6.318484
5.760650
6.617809
6.035485
6.908971
6.027322
6.593319
6.634136
7.431430
6.783799
6.182427
6.911692
6.688559
5.809631
6.293994
6.356580
5.752487
6.247734
6.054533
6.938903
8.272261
7.583813
8.258656
7.869533
7.861369
8.511722
8.593356
8.533491
9.504937
8.269540
8.596077
7.045028
8.372944
8.299473
8.187906
8.337569
6.245013
7.676332
7.679053
7.640957
6.209638
7.695380
7.755245
6.068139
6.081745
6.225965
5.959294
5.009616
5.665411
5.749766
5.755208
6.334811
6.492637
6.596040
6.473589
6.729376
4.223207
5.668132
5.436835
5.676295
5.412345
4.264024
4.631378
4.770156
5.276288
4.922540
4.253140
4.258582
6.402839
6.394676
6.391955
6.391955
7.602861
7.806947
7.564765
7.387891
8.277704
8.503558
8.043686
8.081782
8.628731
7.787899
7.132104
7.806947
8.593356
7.605582
7.420545
6.517127
8.005590
7.730755
7.507621
6.375628
7.611025
6.408281
8.574308
8.606961
8.585192
9.567523
8.100830
8.106272
8.533491
7.398776
7.983821
8.087224
7.630073
8.555260
8.424645
8.032801
7.874975
7.757966
7.991984
8.060013
7.874975
6.185148
6.171542
6.427329
7.412382
6.171542
7.341632
6.269503
6.190590
6.296715
9.170237
9.295410
9.162074
8.947104
8.971594
10.421961
9.281804
9.091324
9.072276
8.634173
9.074997
9.088603
8.919892
8.906287
9.211054
9.009690
8.655942
4.114362
4.084429
4.677637
4.500763
4.370149
3.646326
3.834084
3.442240
6.141610
6.462704
6.136168
7.412382
6.318484
7.545717
6.895365
7.262719
7.562044
7.061355
7.246392
7.145710
5.567450
5.659968
5.417787
5.238192
5.434114
6.013716
6.016437
4.201438
4.296678
4.495321
4.816415
6.974278
8.568866
9.515822
8.054570
8.021917
8.449135
7.039586
8.299473
8.487231
8.117157
7.711707
7.880417
6.171542
6.315763
7.431430
6.239571
6.144331
5.581055
5.477652
5.640920
6.394676
6.849106
6.424608
6.356580
6.476310
6.797404
5.651805
5.197375
5.902150
5.366085
4.386475
4.299399
5.371528
4.865396
4.655868
5.363364
4.884444
5.760650
4.952472
5.760650
5.602824
5.368807
4.876280
6.487194
6.402839
6.293994
6.459983
7.347074
7.341632
7.583813
7.537554
7.940283
7.681774
6.778356
7.333469
8.149810
6.130725
3.763335
6.269503
7.499458
6.258619
7.548439
7.295373
6.495358
7.567487
7.295373
7.932119
7.240950
6.239571
7.466804
7.230065
7.398776
7.221902
7.235508
9.260035
8.664105
8.639615
8.745740
10.400192
8.960709
9.077718
8.685874
9.017853
8.838258
8.323963
9.145747
7.352517
7.638236
7.760687
8.002869
7.915792
7.983821
7.162037
7.752524
7.806947
8.182464
6.914413
7.436872
7.390613
6.114398
5.790583
6.108956
6.269503
5.793304
9.162074
8.664105
8.413761
9.747119
8.647779
8.530770
8.759345
8.481789
8.862749
8.593356
8.457299
8.108993
7.845043
7.404218
7.624630
7.379728
8.498116
8.095387
8.340290
8.805605
8.016474
8.435530
8.005590
8.133483
7.510343
7.534833
6.106235
5.953851
6.103514
6.010995
9.287246
9.175679
9.442351
9.426024
8.881796
9.080440
9.134862
8.598798
9.243708
8.811047
8.226002
7.896744
8.457299
8.002869
8.626009
7.646400
7.491295
8.005590
7.491295
7.777014
7.804226
8.209675
7.496737
7.575650
7.439593
7.360680
6.903529
7.219181
7.368843
6.283109
6.182427
6.016437
6.065418
5.981063
5.893986
6.019159
8.721249
9.096766
8.536212
8.299473
9.232823
9.322621
9.064113
8.166137
9.368880
8.791999
8.601519
8.462741
9.012411
8.601519
8.245050
6.310320
6.234129
6.073581
6.128004
7.542996
7.224623
7.178364
7.308978
7.349795
9.368880
9.338948
8.217839
9.091324
8.073618
9.434188
8.571587
9.592014
9.322621
9.137584
8.011032
9.412419
5.074924
5.276288
4.231371
4.759271
5.970178
6.846385
7.194691
7.006932
7.417824
6.892644
7.262719
7.646400
6.936182
6.457262
5.398739
6.541617
5.703507
6.979721
5.877659
5.298057
5.926640
6.171542
5.806910
5.654526
5.989226
6.065418
6.108956
5.877659
5.703507
6.261340
6.389233
6.791962
6.508964
5.243634
5.853169
5.864054
6.092629
5.210980
7.145710
7.074960
6.748424
7.104893
7.151152
7.064076
7.398776
5.975620
7.771572
6.062697
7.447756
7.594698
7.458641
8.375665
8.547096
7.809668
8.432809
7.589256
8.574308
9.031459
7.899465
7.523948
5.265403
6.010995
7.526669
7.782456
7.627352
7.028701
7.045028
7.371565
6.786520
8.470905
10.353932
9.009690
8.718528
8.759345
9.314458
8.944383
8.783835
9.055949
10.299510
9.200170
8.405597
8.476347
8.911729
6.019159
5.888544
7.611025
6.334811
6.936182
7.526669
6.462704
6.255898
8.574308
8.925335
8.783835
9.077718
9.134862
8.966152
8.669548
7.662726
8.688596
6.506242
6.389233
6.514406
10.138963
8.824653
8.688596
8.960709
8.922614
8.217839
8.819210
8.481789
8.745740
8.133483
7.923956
9.045065
8.011032
7.521227
7.532112
6.010995
6.089908
7.455920
7.591977
7.681774
6.046370
6.149773
5.888544
6.157937
5.787862
8.296752
9.083161
7.270882
7.570208
7.670890
7.055912
8.223281
8.381107
6.089908
5.779698
7.249113
6.204196
7.221902
7.611025
7.885860
6.068139
7.728034
7.787899
5.635478
6.019159
7.806947
6.059976
7.583813
7.676332
9.227381
8.762066
10.035559
9.012411
9.009690
8.987921
8.873633
8.024638
8.977036
8.016474
6.209638
6.157937
6.375628
6.217802
7.393334
7.687217
7.450478
7.442314
7.366122
7.499458
7.997426
8.740297
7.472247
9.679090
9.556639
8.666827
8.805605
9.066834
8.968873
8.149810
8.261377
7.570208
9.145747
7.322584
7.513064
5.940246
5.183769
10.280462
8.204233
9.363438
8.737576
9.202891
7.926677
7.556602
6.008274
7.532112
7.766130
5.891265
5.907592
9.572966
8.424645
9.121257
7.842322
8.079061
9.132141
8.639615
8.876354
9.268198
8.514443
9.170237
8.446414
8.723970
8.729413
8.296752
8.843701
8.081782
10.198828
9.006969
9.230102
8.489953
8.639615
8.030080
7.061355
6.881760
7.235508
6.106235
5.825958
6.819173
5.567450
6.179706
6.117120
5.129346
5.170163
4.470831
4.857232
5.657247
5.902150
7.542996
7.548439
6.808289
7.434151
7.861369
6.089908
7.295373
7.382449
5.368807
5.744324
6.103514
7.404218
7.148431
6.549781
7.194691
7.126662
5.643642
8.060013
8.375665
8.726692
7.113056
7.140268
7.126662
7.396055
7.268161
7.292652
7.442314
7.420545
7.298094
7.436872
7.213738
7.385170
7.208296
7.213738
7.023259
7.243671
10.177058
9.017853
8.952546
9.055949
9.551197
8.952546
9.273640
9.515822
9.208333
8.533491
8.922614
8.568866
4.236813
3.798710
4.027285
5.077645
5.151115
6.484473
6.223244
3.902113
4.693964
4.685801
3.428635
3.684422
5.725276
6.925298
6.764751
5.387854
6.081745
5.989226
6.293994
5.058597
6.057255
5.842285
6.204196
6.253177
6.680395
5.698064
5.937524
6.247734
6.059976
5.575613
5.230028
5.725276
5.208259
7.178364
7.175643
7.132104
7.336190
7.107614
7.115778
7.069518
6.802847
6.035485
7.445035
7.736197
7.562044
5.923919
5.907592
7.831437
7.485852
7.385170
8.027359
8.231444
6.892644
6.079024
7.502179
7.842322
7.469526
5.447720
5.940246
10.204270
8.944383
8.729413
8.699480
8.381107
8.217839
9.126699
8.617846
8.234165
6.035485
6.013716
6.065418
7.611025
5.654526
7.638236
7.355238
7.858648
7.314421
7.717149
7.646400
6.800125
7.153873
5.670853
5.967457
6.032764
7.583813
5.953851
6.021880
7.287209
5.975620
8.547096
9.728071
8.443693
8.846422
8.247771
8.704922
8.258656
8.157974
9.292688
8.566144
8.438251
8.283146
8.734855
8.133483
8.626009
7.967494
8.149810
9.006969
8.857306
8.460020
8.389270
7.855927
8.579750
7.866812
6.742982
7.083124
6.364743
6.713049
6.732097
6.759308
7.094008
6.699443
6.751145
6.762029
9.306294
8.509000
9.254592
8.528048
8.688596
9.368880
9.170237
9.398813
9.064113
8.813768
8.217839
6.318484
6.889923
7.621909
7.529391
6.084466
6.019159
5.904871
7.153873
6.759308
6.130725
6.625973
7.529391
7.175643
8.759345
8.024638
8.348453
8.998805
8.982479
8.846422
9.047786
8.438251
8.196070
8.914450
8.500837
8.021917
7.997426
9.273640
7.962052
7.793341
7.102172
7.534833
6.187869
6.068139
6.092629
5.551123
7.616467
7.513064
7.793341
7.175643
7.997426
7.393334
7.945725
7.570208
10.149847
8.966152
8.710365
9.001527
8.653221
9.281804
8.729413
8.889960
9.314458
8.781114
8.647779
7.673611
7.670890
7.104893
7.545717
7.464083
8.538933
8.933498
7.257277
7.529391
8.236887
8.209675
8.449135
8.492674
7.556602
7.393334
8.552539
8.636894
6.144331
7.445035
7.540275
5.899429
6.010995
6.125283
5.649084
6.187869
7.363401
7.006932
7.055912
9.317179
8.577029
8.721249
9.219218
9.627388
9.080440
8.280425
9.553918
8.454578
9.064113
8.206954
8.138926
9.194727
8.805605
8.307636
8.843701
9.240987
9.094045
6.245013
5.929361
6.264061
7.276325
7.382449
7.208296
7.156595
7.874975
7.181085
7.469526
10.027396
8.704922
8.506279
9.172958
8.811047
8.337569
9.518543
9.031459
8.264098
9.328063
8.302194
9.053228
8.879075
8.100830
8.609683
8.903566
5.975620
6.266782
7.439593
6.955230
7.834158
6.062697
7.183806
6.032764
7.156595
5.529354
6.511685
6.914413
7.439593
9.695417
8.530770
8.451857
8.454578
8.337569
9.428745
8.220560
8.465462
8.247771
9.074997
8.764788
8.272261
8.925335
7.940283
8.470905
6.832779
6.802847
6.685838
6.827337
6.642299
6.381070
6.206917
10.669585
8.827374
7.382449
8.879075
8.530770
8.255935
10.503595
8.892681
8.688596
7.929398
8.114435
9.107651
8.606961
9.270919
8.971594
8.941662
8.337569
8.285867
8.590635
8.721249
7.885860
7.880417
6.898086
7.208296
6.528012
9.662763
8.936219
8.680432
9.077718
8.517164
7.910350
8.914450
7.455920
8.190627
6.076303
7.238229
7.616467
5.575613
6.157937
6.182427
7.736197
8.168858
8.786557
6.658626
6.634136
6.590598
7.104893
7.387891
9.254592
8.751182
9.401534
9.254592
8.277704
9.028738
7.953888
8.571587
8.786557
7.804226
6.212359
5.815073
5.630036
7.069518
7.515785
6.468147
6.389233
10.449172
9.083161
9.042344
9.254592
8.892681
9.113093
8.873633
8.487231
8.544375
8.495395
7.989263
8.032801
8.051849
5.869496
5.929361
6.062697
5.202817
6.198754
5.864054
5.839563
5.883102
5.542959
8.040965
8.133483
8.936219
6.982442
6.971557
7.504900
7.494016
7.567487
7.815110
7.891302
4.394639
5.994668
6.234129
5.287172
5.556565
5.586498
6.084466
5.997390
6.057255
5.521190
6.073581
5.861333
5.507585
5.360643
5.564728
8.530770
9.496774
8.598798
8.424645
7.450478
8.201512
8.285867
7.273604
7.254556
7.303536
7.866812
8.092666
8.073618
8.051849
6.157937
6.198754
5.809631
7.393334
5.806910
6.225965
10.587950
9.270919
8.884518
8.873633
8.800162
8.509000
8.525327
7.257277
7.436872
6.936182
7.031422
7.028701
7.121220
7.956609
7.319863
7.717149
6.119841
6.245013
5.828679
6.157937
5.981063
5.825958
5.866775
5.670853
5.317105
9.352553
9.480447
8.987921
9.085882
8.479068
9.017853
9.036901
8.307636
8.674990
8.533491
8.051849
8.726692
7.812389
8.040965
7.801504
8.220560
7.268161
7.611025
7.953888
7.711707
7.172921
7.975657
8.356617
7.804226
7.962052
7.714428
7.858648
6.337532
6.079024
5.997390
6.013716
6.220523
5.959294
5.730718
6.228686
6.242292
6.492637
6.674953
8.081782
8.035522
7.344353
7.420545
7.341632
9.091324
7.232786
7.763408
5.572892
5.534796
5.646363
5.904871
5.474931
7.714428
7.755245
6.187869
6.198754
6.000111
6.076303
6.242292
6.255898
7.534833
7.578371
7.619188
7.785178
6.168821
5.880381
6.065418
6.144331
5.828679
6.038207
5.091250
5.298057
4.821858
7.823274
7.959330
7.831437
5.975620
7.406939
7.627352
7.330747
7.289930
7.251834
5.997390
5.880381
6.174264
7.894023
7.877696
7.559323
7.556602
5.959294
6.010995
7.344353
7.368843
6.367464
6.538896
6.008274
6.296715
6.713049
6.019159
6.206917
6.274946
6.691280
5.589219
5.597382
5.586498
8.147089
7.725313
8.130762
7.578371
7.657284
7.624630
7.347074
7.474968
7.006932
8.258656
8.277704
7.736197
8.299473
7.428708
7.469526
8.615125
9.586571
7.352517
7.864091
7.972936
8.484510
8.315800
8.487231
8.245050
8.568866
8.449135
7.368843
7.877696
7.597419
6.231407
7.714428
7.796062
6.239571
6.215081
6.264061
7.700822
7.806947
7.763408
6.231407
7.722591
7.692659
7.793341
6.223244
10.617883
9.328063
9.238266
9.227381
9.240987
9.363438
8.922614
9.145747
8.993363
9.162074
9.251871
9.167516
7.738918
7.749803
5.834121
6.049091
5.809631
5.978342
5.847727
6.117120
7.338911
7.559323
7.259998
7.589256
6.261340
6.176985
6.253177
6.019159
6.114398
5.975620
8.228723
8.996084
7.224623
7.464083
7.572929
7.858648
7.755245
6.900808
7.094008
7.020538
7.951167
8.152531
7.325305
7.507621
7.534833
6.068139
7.216460
5.812352
5.858611
5.415066
6.141610
5.703507
5.504863
7.594698
7.213738
7.428708
5.967457
7.630073
7.880417
7.632794
5.942967
6.119841
7.594698
6.949788
6.647742
5.466767
6.982442
7.360680
6.857269
5.962015
7.630073
7.673611
7.570208
5.885823
5.972899
9.216497
8.470905
8.454578
9.891339
8.911729
8.786557
8.840979
8.326684
8.884518
8.846422
8.723970
8.819210
8.087224
7.382449
7.499458
7.238229
7.352517
7.088566
7.213738
8.185185
7.804226
7.763408
6.079024
6.157937
5.929361
5.986505
5.880381
5.880381
6.830058
6.835500
5.864054
5.523911
5.801468
5.284451
7.918513
8.634173
7.689938
7.953888
7.640957
8.002869
7.167479
7.325305
7.600140
7.923956
7.891302
8.128041
7.553881
7.624630
7.553881
7.507621
6.220523
6.887202
6.038207
5.967457
5.722555
6.114398
6.225965
7.066797
6.057255
5.981063
9.709023
9.151189
9.088603
8.465462
8.666827
9.632831
9.281804
7.670890
8.843701
8.699480
9.001527
8.680432
9.251871
5.711670
5.583776
5.913034
6.002832
5.600103
5.412345
5.964736
7.216460
7.314421
7.246392
6.688559
7.328026
7.162037
7.377007
6.892644
7.221902
6.775635
6.421887
6.919856
8.538933
7.858648
8.204233
7.839600
8.051849
9.466841
7.534833
8.114435
8.304915
7.978378
8.343011
5.289893
4.971520
4.873559
4.459946
5.083087
6.198754
5.951130
6.587877
5.896707
5.869496
5.548402
5.689901
6.043649
6.147052
5.953851
6.209638
5.991947
5.766093
7.227344
6.002832
5.635478
7.488573
7.553881
7.047749
6.756587
7.338911
7.521227
7.091287
6.827337
7.504900
7.208296
7.390613
7.298094
7.613746
7.219181
7.319863
7.156595
7.338911
6.748424
7.181085
7.132104
7.186527
7.151152
6.653184
10.454615
8.824653
8.696759
9.251871
9.344390
8.917171
9.445072
8.873633
9.279083
8.821931
8.800162
9.172958
8.838258
5.904871
5.605546
5.259961
5.439556
5.888544
5.681737
5.050433
5.472210
5.956572
5.099414
4.187832
4.244976
4.272188
4.650426
8.506279
8.394713
7.741639
9.159353
7.660005
8.509000
7.749803
7.760687
7.401497
8.065455
8.046407
7.191969
7.741639
8.421924
7.085845
7.809668
6.125283
5.651805
6.152494
6.106235
7.270882
6.231407
5.559286
6.285830
6.386512
6.372907
6.108956
6.903529
7.621909
7.363401
7.227344
7.676332
7.747082
7.053191
7.164758
7.885860
6.400118
6.204196
6.182427
6.933461
9.295410
9.221939
8.928056
9.869570
9.455957
8.674990
9.132141
8.626009
9.485889
9.072276
8.560702
9.292688
8.683153
8.035522
8.977036
5.929361
5.722555
5.874938
6.209638
5.828679
6.187869
8.585192
8.612404
8.035522
7.695380
9.023296
7.940283
8.650500
7.853206
7.134825
7.679053
5.548402
5.287172
5.469489
7.499458
7.698101
6.215081
6.234129
6.008274
6.212359
7.646400
7.553881
7.679053
7.755245
7.221902
7.646400
8.223281
8.019196
8.182464
7.583813
7.385170
7.681774
7.251834
7.442314
7.368843
7.023259
7.311699
6.835500
9.891339
9.651879
8.721249
9.132141
9.257314
8.783835
9.270919
9.317179
9.417861
8.819210
9.314458
9.298131
8.440972
9.287246
6.996047
7.113056
7.834158
8.495395
7.755245
8.130762
7.181085
7.126662
7.363401
7.611025
6.136168
6.971557
5.311663
6.059976
6.008274
8.941662
7.681774
8.378386
9.197449
8.315800
7.869533
7.597419
7.907629
8.541654
8.024638
7.853206
7.510343
7.352517
6.718491
7.194691
7.483131
7.178364
6.873596
7.850485
6.957951
6.914413
6.857269
7.393334
7.896744
7.496737
7.050470
6.157937
5.948409
6.021880
6.016437
5.855890
5.836842
9.015132
8.408318
8.236887
8.938940
9.251871
8.351174
8.879075
8.231444
8.231444
8.857306
8.925335
8.152531
6.851827
7.670890
7.341632
7.404218
5.962015
5.831400
5.589219
5.703507
5.959294
7.660005
7.366122
7.099451
7.624630
7.251834
7.061355
9.608340
9.039623
8.345732
8.650500
8.435530
8.938940
9.064113
8.498116
8.530770
7.872254
7.191969
7.069518
7.300815
6.740260
6.857269
6.168821
6.489916
6.854548
9.562081
8.484510
9.077718
9.143026
8.560702
9.058670
8.879075
9.004248
9.763445
8.473626
8.264098
8.808326
9.657321
9.015132
9.289967
8.650500
8.019196
8.968873
5.934803
5.493979
6.985163
6.987884
6.710328
6.669511
8.658663
9.847801
8.906287
9.096766
9.123978
9.126699
6.176985
6.362022
5.915755
5.804189
5.956572
6.764751
5.836842
6.732097
6.030043
5.496700
5.534796
7.953888
9.153910
8.696759
8.470905
9.311736
8.895402
8.734855
8.100830
8.177022
7.981100
7.948446
7.768851
7.972936
7.915792
7.986542
7.744361
7.385170
7.534833
8.035522
7.627352
7.989263
7.858648
7.665448
7.978378
7.885860
9.907666
9.722628
8.762066
8.340290
9.632831
8.949825
9.143026
9.276362
8.372944
9.145747
8.313078
8.296752
8.296752
8.677711
8.027359
9.246429
8.323963
8.930777
8.522606
5.034106
5.175606
5.164721
6.938903
6.952509
6.881760
7.009653
7.099451
7.080403
7.134825
7.156595
10.223318
8.821931
9.338948
8.914450
6.843664
7.738918
6.947067
7.208296
5.934803
6.459983
5.436835
5.942967
5.537517
7.385170
6.751145
7.605582
6.601482
6.759308
9.349832
8.538933
8.612404
8.669548
8.367501
7.798783
8.745740
8.147089
8.487231
7.338911
8.264098
7.202854
7.679053
7.970215
7.061355
8.462741
7.219181
7.619188
8.144368
7.542996
6.900808
7.121220
6.010995
5.774256
5.665411
5.885823
5.708949
5.790583
7.042307
7.412382
9.227381
9.197449
8.704922
8.949825
8.367501
8.898123
8.337569
8.979757
8.451857
8.386549
8.944383
8.228723
8.487231
7.243671
7.445035
7.338911
6.707607
6.870875
6.411003
6.797404
6.566108
9.322621
8.321242
8.982479
8.079061
8.549818
8.416482
8.503558
9.069555
9.341669
6.704886
6.419166
7.243671
6.615088
7.123941
7.172921
6.840943
7.113056
9.806984
8.944383
8.713086
8.944383
8.753903
9.026017
8.860027
6.707607
6.963394
6.383791
6.957951
9.189285
8.653221
8.898123
9.200170
8.525327
8.544375
8.525327
8.449135
8.378386
7.975657
7.126662
7.635515
8.669548
7.259998
7.812389
5.964736
5.624594
5.836842
6.658626
9.172958
8.465462
8.881796
8.089945
8.781114
8.000148
8.345732
6.250455
6.383791
5.929361
6.895365
7.562044
7.542996
5.681737
6.274946
6.887202
7.221902
7.129383
7.834158
9.055949
8.745740
8.743018
8.601519
8.261377
8.019196
8.519885
5.104856
5.385133
4.819137
4.704849
7.597419
7.774293
7.232786
7.295373
6.160658
6.576992
5.855890
5.787862
5.951130
5.902150
7.289930
7.880417
6.938903
6.840943
7.431430
7.904908
6.873596
6.827337
6.756587
6.753866
6.677674
6.710328
6.726655
6.666790
6.683116
6.582434
6.470868
6.528012
9.480447
9.406976
8.541654
9.202891
8.525327
9.349832
8.982479
8.424645
8.966152
8.065455
8.315800
6.802847
6.391955
6.805568
6.274946
5.665411
6.468147
6.405560
6.563386
6.440935
5.940246
6.587877
6.253177
6.661347
10.130799
8.876354
8.982479
8.623288
8.138926
8.470905
9.194727
9.012411
8.454578
8.566144
8.356617
8.060013
7.673611
7.575650
8.296752
7.676332
7.423266
7.934840
10.144405
8.925335
8.255935
8.509000
9.167516
9.670927
8.925335
8.887239
9.091324
8.136204
6.996047
8.977036
7.545717
7.012374
6.002832
5.562007
6.805568
10.446451
9.436909
9.189285
8.432809
9.597456
8.947104
8.887239
8.503558
8.470905
8.615125
9.483168
8.743018
8.957988
10.084540
9.684532
8.691317
10.362096
8.650500
8.411039
8.128041
7.695380
8.789278
8.008311
6.176985
5.676295
10.604277
9.355275
6.204196
6.650463
6.375628
6.674953
6.125283
6.819173
8.694038
9.311736
8.740297
8.538933
8.487231
8.884518
8.106272
8.182464
8.802883
8.402876
8.525327
9.464120
9.227381
9.039623
9.366159
8.473626
8.479068
8.628731
8.481789
7.695380
8.851864
7.986542
8.060013
7.708986
7.567487
7.747082
7.518506
7.763408
7.548439
7.156595
7.142989
7.545717
7.638236
7.597419
7.755245
7.959330
7.951167
8.778393
9.164795
7.877696
8.389270
8.710365
8.530770
9.094045
9.523985
8.707644
8.530770
8.226002
8.694038
9.300852
9.216497
9.281804
8.495395
8.125320
8.413761
8.816489
8.587913
8.397434
9.436909
8.016474
8.509000
7.458641
6.473589
6.149773
4.862675
4.397360
9.347111
8.960709
8.729413
8.645057
8.495395
7.948446
8.280425
8.353896
9.251871
8.125320
8.367501
8.296752
8.925335
8.465462
8.198791
8.206954
8.745740
5.801468
5.559286
5.809631
5.461325
6.204196
6.225965
5.929361
5.630036
5.831400
6.187869
6.236850
6.092629
6.185148
6.136168
6.119841
5.850448
5.659968
7.300815
7.104893
7.488573
6.824616
6.511685
6.628694
6.157937
6.193312
5.725276
5.888544
5.404181
6.519848
6.250455
6.100793
5.689901
6.274946
6.027322
5.504863
6.840943
7.039586
6.756587
6.313042
6.389233
6.639578
6.732097
4.508927
4.625936
4.587840
7.083124
6.424608
6.699443
6.800125
6.498079
6.930740
7.148431
7.137547
6.364743
6.280388
6.715770
6.661347
4.443619
4.389197
7.186527
7.104893
6.590598
6.759308
6.685838
6.952509
7.080403
7.338911
6.187869
6.451820
6.895365
6.095351
6.386512
6.650463
6.928019
7.300815
6.378349
6.859990
5.934803
7.009653
6.016437
7.001490
6.664068
6.870875
6.378349
7.047749
6.854548
6.694001
6.329368
7.341632
7.153873
7.276325
7.317142
7.017817
7.142989
6.944346
7.281767
7.028701
6.748424
7.145710
7.034143
7.393334
7.249113
7.270882
7.009653
7.249113
7.428708
6.895365
6.800125
6.019159
5.864054
6.326647
6.166100
7.045028
6.264061
6.563386
7.200133
6.266782
6.642299
6.427329
6.171542
6.672232
6.805568
5.986505
6.302157
7.006932
6.634136
6.928019
7.145710
6.859990
7.208296
6.378349
5.855890
6.508964
7.034143
5.937524
6.400118
6.873596
6.443656
6.753866
5.515748
6.136168
5.616430
6.258619
6.005553
5.347037
6.310320
5.613709
6.473589
6.095351
6.245013
5.706228
5.915755
5.695343
5.665411
5.148394
6.835500
6.560665
6.111677
6.125283
5.809631
5.621872
6.049091
6.027322
5.542959
5.238192
6.887202
6.449099
5.983784
6.337532
6.079024
6.133446
5.504863
7.015095
6.688559
6.732097
6.375628
6.272225
6.802847
6.732097
6.291273
5.972899
6.084466
5.866775
5.768814
6.620530
6.674953
6.359301
6.106235
6.152494
6.598761
6.653184
6.560665
6.367464
6.590598
6.408281
6.245013
4.609609
5.044991
4.522532
5.050433
4.925261
4.797367
5.518469
5.167442
4.753829
4.884444
6.092629
4.538859
4.465388
4.288514
4.008237
4.253140
4.473552
4.321168
4.487158
4.337495
4.536138
4.451783
4.209601
6.492637
6.068139
6.155216
5.621872
6.291273
6.027322
5.129346
6.824616
6.498079
6.465425
6.487194
6.642299
6.549781
4.568792
4.892607
4.702128
6.117120
6.062697
6.171542
5.967457
6.506242
6.658626
6.742982
6.849106
4.536138
4.579676
6.688559
6.585155
6.751145
6.908971
6.816452
6.830058
5.823237
5.815073
6.664068
7.023259
7.088566
7.379728
5.932082
6.204196
7.232786
5.303499
5.110298
4.996011
5.504863
5.006895
4.555186
4.119804
6.506242
4.040891
4.786483
4.683080
4.541580
4.830021
4.337495
4.927982
4.481715
4.337495
4.604167
4.198717
5.450441
5.170163
5.080366
5.662689
5.542959
5.477652
5.488537
5.140231
5.455883
5.387854
5.279009
5.205538
5.118462
4.996011
5.962015
5.613709
6.068139
5.662689
5.893986
6.122562
5.695343
5.711670
6.579713
4.650426
4.892607
4.759271
7.115778
4.500763
4.557907
7.491295
6.615088
7.118499
7.249113
6.038207
7.259998
7.733476
6.968836
6.625973
6.816452
6.342974
6.960673
6.840943
6.645021
6.274946
7.387891
6.854548
7.208296
7.066797
6.928019
6.873596
6.811010
6.661347
6.141610
4.655868
4.889886
4.285793
4.457225
4.617772
7.036864
6.960673
5.703507
6.457262
6.340253
6.938903
6.851827
6.759308
6.786520
6.938903
4.772877
4.925261
4.655868
6.870875
6.873596
6.000111
6.718491
6.854548
6.857269
5.518469
5.526633
6.979721
6.966115
6.949788
6.938903
6.811010
6.378349
6.718491
6.775635
5.670853
5.643642
5.265403
4.862675
5.496700
5.548402
6.914413
6.941625
5.654526
5.706228
5.687180
5.681737
4.307562
6.813731
6.879038
6.914413
6.884481
4.250419
6.748424
4.876280
3.823200
3.461288
6.957951
6.917134
5.692622
5.589219
5.616430
5.319826
5.820516
5.727997
3.738844
6.955230
6.966115
6.859990
6.775635
6.985163
7.017817
6.930740
6.985163
